000000004260100000010059030607200490000070168084005300391862507046517903725904000
500000006300104000800000000905201000702693410046870003679450301458317900200968507
798030600300026000010000000900514786840607003071002590509108430132045067480263059
000080000710500000602000094009300147043270568076108300000420950437951286925836001
600091045009040008000500000760180590038025467900307812200750384390418206807632001
900000050080421093004005007002013070013760000640890500038059062159076348276048010
600910080030004705400000030204800057760009048381705029946382001500490200123657004
107030080090057010004010720001360007075140063200970148852003471009721856716584932
506000100030000000008097000279304508604018720080500060043001692102839457795046301
000000230051000000080706000030060401069204008700839050375021904196078523028950706
000204060080000040790001850837009000402753198009420637640372980923815406500906010
038000071006305040002000000009040183800703905500892760945160032621008407007254019
060100000000008007059040000007500200103064508042987003810093026976800354034675091
040320009800000005003000406301749062790610080062583700236958047174000950058070020
040002800007060000000300000239016574058704000600090102400607259020905318593080467
040600010100407008080302005803900006070138500904526037001295780500763241027840609
400000700560008130081040002000519200175480060900073450209860340756030029834920617
000800007807960100003000050200083600035641270040297500184729365362058710709010400
000100002400720000009000008260057304090000780008639051004302165012980037375461809
038010000060040500100705260045120080000900750829600134900001375451308629376592840
000560000095000634016000852080602507060005203450780961573126408940357106621849075

008013500316259784500800103780000310004001802105008007003180070800300601401096238
700002410002000670006900000050000001004019007080620040305200700408000030000004050
005000400000103000000070800000000003008050000000006009000040500390000000600000001
007800005000030004000904800000003910906001000080000007600059000050400000070010020
007400000400003010306072400000200098503040000060000300800005030000020005090308064
069000000005401000042030000900050020010000700006080009000060150000000380000307040
000500060200740050007060018000037000010000005080000007000800000500201090170006200
000020160012000005400600008000802010070409000900070800004000081190030200005006300
000800000016300070003006004600400090200050080004008002900070108005004007000090000
200759600000402000007603020472000183186000495900000200000804000009305010700921500
000600000002070006600849070080000400290080037704300820000020000009400002400935080
000610300056000000000400580010004802009000030620090001100802000405300000000000057
067500402090070000500021009609000058700900043080000697900043001006100820000002930
657000080230086547008750600305009800986000102070000390700000000500297408804513700
006020080000050007010006040400960001050007300070005800007004900008500020900300000
030100000000070080000002167090210000000908020500000400378090000000700040010006000
300690025040300000000047360000070051760010000000402000102760000000001000980054070
040095100300000080175006900004000010000417000008000050001000009080509400060001523
200700010100005037008030004000093000000000028027000000040900700002004006093060500
000013000000907000005000200100000003000000000006800400000000000000500840730090000
009360014006000000700050006000000000007840025042170000000000030065210040020600800

001800040000063000050400006080029005200000900900000100003700050000082000040600007
000000500000040003089010000006000010000005000090203000000006000302000000000090080
060050100028100070000002900100200000079000230000300004005097080090400760007020000
005003070400090008000400100806104000070000021000067403600300007008020000040008500
000805070800002903000740001080000010700000500006000004305009006400520000090061000
003000000000050420406010507000407800000069000700000010012700058000000004590800000
904000008000700060010080004600530400300806200200001800070400009080000340009050000
900003500000250009002000004800092600000100852726800000004609000100020700000000001
000006035100000040067001020000650000005004001900007300010002480640003000070000009
092000500000950000054000769309800005005009000007506910900005000580000090000091250
080600050070000000500902001340007000002000003000500690000000100400006200003809040
005002001460000000001700600080605700603109008007304069090001006006400002000000950
003400000400098001106200000010800007007060002020700400040601030000080500000040190
100060900050700008000000000200000610300408000000000000087000000000090020040000000
000000000069000200100467890500600000003700010800010302430800000600000120001090000
250000000003040057000800100004320000000760010800009003105900060070030000000000201
000000170000000000390005000007800400000003009800000000030100000200000005000740000
007002000020000604000930002103420058090060000000300400900650000410000300000004070
460003200007020803000800005000002400200038010080070000071005004002300000090080130
300000040700062000000009050000000000405100000000000902090000006000050000008400000
040000008000000070020050000960000200700000000000030005083000004000600000000709000

000350000080000609006000000070069000000000000100000050000007400010080000005000030
500000041003001900004682000000210000800500200030060104000147020109000003070006010
060823005000006000800790000200000094009300726000000300000074150503000940710039000
060000002000050040010009000400000900500700000000002106700000050000001000000800000
000000000098000000060507004003090000500000007000004000700002000000010930000000800
009004508142800000000000000000000000320008045061009030500600020000007091000000003
070100090000900008000002140000701000403000800600000510008009007104500003020006000
096000000000040070104000000000008050050003620900000107000100908600500010002070040
600809000102060000780100000806000015070090060001080300000602007000005601000010092
002000000000302401813500002695200004008000000000408509000009100007025840000007900
000000009046000000000070801000001000004000020005083000800009000010000000000400060
205070003693050000000038500000540036050310000030000005300005010400000352500903000
000104900300900000006000001000090057060000020004003000005870002940500030002001790
010002000000000090000000084008070000000003100004950000030009000020000300000800000
050090000000800300004000700000000090000040050003007000090000010600003000000008004
039000040000000000000012000000903000000400000150000006200000800600070002000000090
030000107000000400500802000040001700800500000000000000000600095010007000000000000
000200061516000093000016000060050010000601070100702680801960000600000100000130006
000590000709680430002000060070000003030000002200001900603810720000350000001000040
704060000000007019000000000000020000300000000190000600000100000002003000008000502
500000041003001900004682000000210000800500200030060104000147020109000003070006010

030000000087000009000401000000000500500600020090070000100000040200000600000380000
000003100090000006000004000103000000000600009005000080000800050004000300070900000
090050000050100000000000038802004000300000000000000160000500000060090700400000002
010003000000000050800006090600000000000000407905002000200000070000180300000400000
006000047713000060000010900030875000000000000000149050680000500050000279007002000
508090000109070050006500104080006000900350000000007300003700061670010020000400037
060900305901000000005710000000059060003170000409000050840001700000027080000000029
000040900082010070000000030000003000004709000006000001000080602000000000900000000
070023050806000300050400700000047000080002060600050001005700008009000140400019005
070000080000009006030000000080430000000700000002000609000040030106000200000000000
000100007000000000060038000403900000050000360000000080109000004000053000007000000
120004900703000005000060000504002000000093004000008000310000890060020001400000200
000850002004000900000070000500000000000004306800000070009012000006000000000000050
000000000400000970020360005000000000000010803700009000000004090060000000031000000
000046009903000200000000000040080000000200130005000000000300000060000041000050000
000000270030001000004060100806170320025906407000000000002004500000020030081000000
000003000000050300009000020400902000700000600000800000000000000350060000000400089
403090000000000801005000000000000000500030040010600200000800000900000050000102000
001300007000400000000000002500000010200000000000190400000050000009000300007028000
000000300020001000000500060040000000000030950010800000000004001300000080900070000
000003100090000006000004000103000000000600009005000080000800050004000300070900000
